1.4478      0.7239      3.1416         0.2
1.4278      0.7239      3.1416         0.2
1.4078      0.7239      3.1416         0.2
1.3878      0.7239      3.1416         0.2
1.3678      0.7239      3.1416         0.2
1.3478      0.7239      3.1416         0.2
1.3278      0.7239      3.1416         0.2
1.3078      0.7239      3.1416         0.2
1.2878      0.7239      3.1416         0.2
1.2678      0.7239      3.1416         0.2
1.2478      0.7239      3.1416         0.2
1.2278      0.7239      3.1416         0.2
1.2078      0.7239      3.1416         0.2
1.1878      0.7239      3.1416         0.2
1.1678      0.7239      3.1416         0.2
1.1478      0.7239      3.1416         0.2
1.1278      0.7239      3.1416         0.2
1.1078      0.7239      3.1416         0.2
1.0878      0.7239      3.1416         0.2
1.0678      0.7239      3.1416         0.2
1.0478      0.7239      3.1416         0.2
1.0278      0.7239      3.1416         0.2
1.0078      0.7239      3.1416         0.2
0.9878      0.7239      3.1416         0.2
0.9678      0.7239      3.1416         0.2
0.9478      0.7239      3.1416         0.2
0.9278      0.7239      3.1416         0.2
0.9078      0.7239      3.1416         0.2
0.8878      0.7239      3.1416         0.2
0.8678      0.7239      3.1416         0.2
0.8478      0.7239      3.1416         0.2
0.8278      0.7239      3.1416         0.2
0.8078      0.7239      3.1416         0.2
0.7878      0.7239      3.1416         0.2
0.7678      0.7239      3.1416         0.2
0.7478      0.7239      3.1416         0.2
0.7278      0.7239      3.1416         0.2
0.7078      0.7239      3.1416         0.2
0.6878      0.7239      3.1416         0.2
0.6678      0.7239      3.1416         0.2
0.6478      0.7239      3.1416         0.2
0.6278      0.7239      3.1416         0.2
0.6078      0.7239      3.1416         0.2
0.5878      0.7239      3.1416         0.2
0.5678      0.7239      3.1416         0.2
0.5478      0.7239      3.1416         0.2
0.5278      0.7239      3.1416         0.2
0.5078      0.7239      3.1416         0.2
0.4878      0.7239      3.1416         0.2
0.4678      0.7239      3.1416         0.2
0.4478      0.7239      3.1416         0.2
0.4278      0.7239      3.1416         0.2
0.4078      0.7239      3.1416         0.2
0.3878      0.7239      3.1416         0.2
0.3678      0.7239      3.1416         0.2
0.3478      0.7239      3.1416         0.2
0.3278      0.7239      3.1416         0.2
0.3078      0.7239      3.1416         0.2
0.2878      0.7239      3.1416         0.2
0.2678      0.7239      3.1416         0.2
0.2478      0.7239      3.1416         0.2
0.2278      0.7239      3.1416         0.2
0.2078      0.7239      3.1416         0.2
0.1878      0.7239      3.1416         0.2
0.1678      0.7239      3.1416         0.2
0.1478      0.7239      3.1416         0.2
0.1278      0.7239      3.1416         0.2
0.1078      0.7239      3.1416         0.2
0.0878      0.7239      3.1416         0.2
0.0678      0.7239      3.1416         0.2
0.0478      0.7239      3.1416         0.2
0.0278      0.7239      3.1416         0.2
0.0078      0.7239      3.1416         0.2
-0.0122      0.7239      3.1416         0.2
